PSC	0	BTx643	20305505	516857	67881	393463	191275	0	5.6	1610	0	0	9969962
PSC	0	BTx645	25168456	417868	67226	325916	159178	0	11.0	1695	0	0	5206655
PSC	0	ExPVP_PI543243	25426486	1560351	536285	1425038	671598	0	36.1	3987	0	0	3337083
PSC	0	ExPVP_PI543247	27017758	836775	364570	812277	389068	0	24.0	6569	0	0	2641102
PSC	0	ExPVP_PI544069	26263958	1246624	450286	1149690	547220	0	36.7	3894	0	0	2899337
PSC	0	ExPVP_PI554646	26909799	1156911	408460	1064947	500424	0	36.5	4755	0	0	2385035
PSC	0	ExPVP_PI554647	26354771	1238929	447486	1144307	542108	0	34.7	7779	0	0	2819019
PSC	0	ExPVP_PI554648	27355042	970738	366352	906668	430422	0	34.5	2221	0	0	2168073
PSC	0	ExPVP_PI554649	25827297	1462935	498980	1333686	628229	0	35.3	6547	0	0	3070993
PSC	0	ExPVP_PI554650	26142998	1366679	506007	1272942	599744	0	40.2	4961	0	0	2844521
PSC	0	ExPVP_PI554652	26796865	1149684	403066	1057523	495227	0	35.7	3260	0	0	2510590
PSC	0	ExPVP_PI554654	26154685	1164289	397117	1057901	503505	0	21.6	9086	0	0	3144114
PSC	0	ExPVP_PI555457	27578761	901252	330092	835983	395361	0	35.4	2138	0	0	2050100
PSC	0	ExPVP_PI561926	25683997	1493813	537709	1380993	650529	0	38.3	3858	0	0	3144686
PSC	0	ExPVP_PI562621	26338240	1232801	574232	1221596	585437	0	36.0	3539	0	0	2714932
PSC	0	ExPVP_PI562622	26595611	1159572	420022	1069241	510353	0	36.0	3840	0	0	2685000
PSC	0	ExPVP_PI562623	26372117	1141411	415696	1051414	505693	0	26.3	5456	0	0	2930981
PSC	0	ExPVP_PI562624	26542593	1164621	466946	1104871	526696	0	35.4	2969	0	0	2686045
PSC	0	ExPVP_PI562625	26675703	1124313	368126	1014587	477852	0	32.0	5069	0	0	2692063
PSC	0	ExPVP_PI564085	25979018	1399013	464598	1267420	596191	0	35.4	8057	0	0	3017576
PSC	0	ExPVP_PI574398	25055586	1681510	635139	1575043	741606	0	34.5	11803	0	0	3487970
PSC	0	ExPVP_PI574406	26805931	929019	318952	844275	403696	0	20.2	3928	0	0	2806303
PSC	0	ExPVP_PI574407	24206031	1942091	758006	1828945	871152	0	32.5	104224	0	0	3954077
PSC	0	ExPVP_PI594354	26210485	1349112	471560	1238129	582543	0	36.6	4368	0	0	2829048
PSC	0	ExPVP_PI594355	27585082	902525	333205	839548	396182	0	36.4	2615	0	0	2039393
PSC	0	ExPVP_PI595221	25688319	1487804	511629	1353322	646111	0	37.2	4376	0	0	3172453
PSC	0	ExPVP_PI596332	26995474	1108719	384314	1018749	474284	0	36.2	2945	0	0	2371698
PSC	0	ExPVP_PI596567	25734937	1358656	442541	1218777	582420	0	26.0	5817	0	0	3324071
PSC	0	ExPVP_PI601264	25686063	1412737	502144	1298009	616872	0	34.2	5302	0	0	3259261
PSC	0	ExPVP_PI601415	25509168	1457806	523116	1342380	638542	0	33.9	3424	0	0	3370115
PSC	0	ExPVP_PI601552	25634331	531335	3324717	2579873	1276179	0	34.1	107616	0	0	1369822
PSC	0	ExPVP_PI601553	24704485	1308432	439323	1182243	565512	0	17.3	4720	0	0	4407965
PSC	0	ExPVP_PI601554	26018985	1186515	436321	1099959	522877	0	27.8	6367	0	0	3218384
PSC	0	ExPVP_PI601555	25102437	1160683	350786	1028474	482995	0	19.2	3360	0	0	4246299
PSC	0	ExPVP_PI601556	24588953	1634538	577727	1500202	712063	0	26.2	4145	0	0	4058987
PSC	0	ExPVP_PI601557	25941386	1386929	478464	1265525	599868	0	33.8	3044	0	0	3053426
PSC	0	ExPVP_PI601716	23375118	1474400	563195	1382812	654783	0	13.5	6133	0	0	5447492
PSC	0	ExPVP_PI601717	25118426	1230660	382444	1094935	518169	0	19.4	3888	0	0	4128675
PSC	0	ExPVP_PI601718	26180302	973584	283375	849966	406993	0	15.3	3955	0	0	3422944
PSC	0	ExPVP_PI601719	26613420	1131842	423497	1055777	499562	0	36.2	1982	0	0	2691446
PSC	0	ExPVP_PI601720	26570893	993721	281721	860649	414793	0	20.8	7832	0	0	3013870
PSC	0	ExPVP_PI601721	26151581	1098050	357138	985625	469563	0	24.5	3072	0	0	3253436
PSC	0	ExPVP_PI601743	23969797	1570657	568984	1451813	687828	0	24.0	4442	0	0	4750767
PSC	0	ExPVP_PI601744	24613364	1427860	433207	1259453	601614	0	15.6	3444	0	0	4385774
PSC	0	ExPVP_PI601756	25175825	1501422	500879	1356244	646057	0	25.1	4666	0	0	3682079
PSC	0	ExPVP_PI602599	27267311	945443	325709	860941	410211	0	35.1	2318	0	0	2321742
PSC	0	ExPVP_PI602600	25901743	1118451	340837	981938	477350	0	19.2	4703	0	0	3499174
PSC	0	PI152651	25202641	1389871	429101	1228474	590498	0	16.8	6230	0	0	3838592
PSC	0	PI153844	20517672	1206267	177136	924761	458642	0	7.8	14980	0	0	8959130
PSC	0	PI153846	22437354	778330	259621	693659	344292	0	8.4	6386	0	0	7384900
PSC	0	PI17548	21306501	1433893	230393	1116011	548275	0	12.2	778	0	0	7889418
PSC	0	PI22326	21962192	1131641	194077	888004	437714	0	10.3	4788	0	0	7572295
PSC	0	PI24969	24486024	1635993	638715	1543789	730919	0	21.4	2531	0	0	4099473
PSC	0	PI276837	26256778	1186048	422024	1081248	526824	0	22.3	10501	0	0	2995355
PSC	0	PI329435	27670380	723879	329466	715152	338193	0	21.9	2690	0	0	2136480
PSC	0	PI329440	26020770	1264845	487587	1185735	566697	0	24.5	4803	0	0	3087003
PSC	0	PI34911	22517509	1187622	196820	928910	455532	0	13.1	1087	0	0	6958254
PSC	0	PI35038	26255073	1132479	440251	1063361	509369	0	21.0	6428	0	0	3032402
PSC	0	PI48770	23302396	812285	128836	627411	313710	0	9.5	4336	0	0	6616688
PSC	0	PI533745	14413347	766478	111150	587269	290359	0	3.8	9948	0	0	15569230
PSC	0	PI533746	20200411	1451044	227866	1123828	555082	0	8.5	7751	0	0	8980884
PSC	0	PI533747	17594620	1077470	157679	827742	407407	0	5.1	5881	0	0	12030436
PSC	0	PI533749	15942353	884826	132273	678740	338359	0	4.3	10215	0	0	13900753
PSC	0	PI533750	21781274	1472699	227608	1139075	561232	0	17.2	904	0	0	7378624
PSC	0	PI533751	23032464	1058586	214465	856247	416804	0	13.9	1252	0	0	6554690
PSC	0	PI533752	25739451	1331420	508559	1249610	590369	0	24.2	3453	0	0	3280775
PSC	0	PI533753	19029300	992878	157079	770068	379889	0	5.4	3220	0	0	10680948
PSC	0	PI533754	24806018	1483576	583311	1397945	668942	0	20.4	29326	0	0	3987300
PSC	0	PI533755	25482441	1357707	600686	1327370	631023	0	23.0	6060	0	0	3419371
PSC	0	PI533756	23580770	956707	161049	745646	372110	0	14.8	1620	0	0	6161679
PSC	0	PI533757	26365935	1148042	475876	1108269	515649	0	24.7	2809	0	0	2870352
PSC	0	PI533758	26377733	1118335	449359	1069902	497792	0	22.5	2279	0	0	2914778
PSC	0	PI533759	26663393	1109737	369745	1007797	471685	0	22.3	10125	0	0	2717330
PSC	0	PI533760	25761024	1234034	463674	1154614	543094	0	20.3	3160	0	0	3401473
PSC	0	PI533761	26431548	1114702	403022	1035852	481872	0	22.0	4893	0	0	2910933
PSC	0	PI533762	22973624	1113036	177926	867540	423422	0	13.9	6612	0	0	6595619
PSC	0	PI533763	22014862	1315087	210890	1025926	500051	0	13.1	949	0	0	7319366
PSC	0	PI533764	12591581	627901	99992	487083	240810	0	3.3	943	0	0	17540731
PSC	0	PI533765	14557704	787458	119170	607861	298767	0	3.8	1498	0	0	15395873
PSC	0	PI533766	25512464	1412817	552196	1336976	628037	0	25.6	18022	0	0	3382728
PSC	0	PI533768	22998310	1211972	213813	956768	469017	0	20.0	17232	0	0	6436110
PSC	0	PI533769	25639395	1301925	486461	1216506	571880	0	21.3	20437	0	0	3432424
PSC	0	PI533770	22807240	1280327	212471	1002707	490091	0	20.1	3454	0	0	6560167
PSC	0	PI533771	22398092	1247119	191383	966353	472149	0	14.4	1145	0	0	7023611
PSC	0	PI533772	20498181	1311602	195192	1011646	495148	0	8.7	871	0	0	8855230
PSC	0	PI533774	21974853	1235891	185578	953916	467553	0	11.9	5842	0	0	7463883
PSC	0	PI533775	20201583	1132818	179033	878224	433627	0	6.7	4630	0	0	9346771
PSC	0	PI533776	25443486	1400841	550242	1328676	622407	0	24.0	10268	0	0	3465636
PSC	0	PI533777	17172938	987610	127772	748724	366658	0	4.8	4453	0	0	12571885
PSC	0	PI533778	22580316	1324416	210008	1033696	500728	0	19.5	7775	0	0	6745465
PSC	0	PI533779	19076694	1118963	167513	860485	425991	0	6.2	2297	0	0	10497035
PSC	0	PI533780	21883407	1470049	227116	1138713	558452	0	14.1	4289	0	0	7279633
PSC	0	PI533781	21980078	1402326	232707	1097886	537147	0	15.0	50482	0	0	7245094
PSC	0	PI533782	22180389	1130174	183145	880070	433249	0	9.4	2336	0	0	7366497
PSC	0	PI533783	22517035	1325795	207138	1030066	502867	0	16.7	2544	0	0	6810237
PSC	0	PI533784	21489153	1256343	217877	991399	482821	0	10.5	872	0	0	7896832
PSC	0	PI533785	24629806	1556743	688320	1525317	719746	0	23.1	18898	0	0	3985336
PSC	0	PI533786	22041490	1416460	213411	1090945	538926	0	12.8	1537	0	0	7188844
PSC	0	PI533787	22102120	1167030	185351	908929	443452	0	11.7	7630	0	0	7405704
PSC	0	PI533788	24651681	1551583	673069	1509822	714830	0	22.1	6638	0	0	3983872
PSC	0	PI533789	26186258	1225754	439891	1133911	531734	0	21.8	15663	0	0	3008302
PSC	0	PI533790	21968066	1438919	241275	1128748	551446	0	16.0	1632	0	0	7211945
PSC	0	PI533791	21474155	1414647	231859	1106684	539822	0	13.2	1374	0	0	7739544
PSC	0	PI533792	25558808	1340967	446229	1212678	574518	0	21.9	4916	0	0	3514201
PSC	0	PI533793	23271375	993272	164403	777942	379733	0	18.5	3572	0	0	6431155
PSC	0	PI533794	26537333	1135285	443973	1075558	503700	0	29.7	1810	0	0	2743614
PSC	0	PI533795	21603689	1518805	249744	1185651	582898	0	20.8	1334	0	0	7487967
PSC	0	PI533797	21941119	1508764	238305	1170884	576185	0	23.7	1846	0	0	7172017
PSC	0	PI533798	22460875	915714	137107	705836	346985	0	9.1	2453	0	0	7346509
PSC	0	PI533799	26603488	1102799	427303	1040432	489670	0	27.1	1810	0	0	2726615
PSC	0	PI533800	25989870	1218277	478839	1152334	544782	0	22.5	2109	0	0	3173219
PSC	0	PI533802	22830608	984930	157671	769903	372698	0	12.0	4569	0	0	6886996
PSC	0	PI533803	21484341	1388685	212427	1075455	525657	0	11.9	1551	0	0	7774752
PSC	0	PI533804	18564467	1078296	158467	829826	406937	0	5.5	9206	0	0	11058975
PSC	0	PI533807	25337991	1386926	542344	1312431	616839	0	19.7	29704	0	0	3592944
PSC	0	PI533808	21207208	1076535	161283	831221	406597	0	9.0	3133	0	0	8415179
PSC	0	PI533809	21310516	1355420	219405	1056933	517892	0	10.2	4064	0	0	7974864
PSC	0	PI533810	24859175	1559666	609188	1475568	693286	0	23.1	4609	0	0	3832176
PSC	0	PI533811	22385352	1202839	211950	952083	462706	0	13.5	2954	0	0	7060064
PSC	0	PI533812	20180697	1182911	185285	919018	449178	0	7.8	2841	0	0	9311312
PSC	0	PI533813	20847059	1400215	227954	1093027	535142	0	11.4	4447	0	0	8384977
PSC	0	PI533814	24775926	1572694	684995	1539397	718292	0	24.8	11041	0	0	3826590
PSC	0	PI533816_1	21759292	1502224	258095	1181114	579205	0	18.0	933	0	0	7340594
PSC	0	PI533816_2	21167619	1439411	234254	1121749	551916	0	11.8	945	0	0	8018921
PSC	0	PI533818	18493478	1072032	139658	812894	398796	0	5.4	7985	0	0	11155037
PSC	0	PI533819	21968538	1009398	693783	1142145	561036	0	10.2	10003	0	0	7188486
PSC	0	PI533820	14234018	677271	107696	524443	260524	0	3.6	8553	0	0	15841220
PSC	0	PI533821	26763173	1198951	430414	1107933	521432	0	28.2	26424	0	0	2467667
PSC	0	PI533822	25721495	1337796	579736	1304912	612620	0	26.2	14424	0	0	3221178
PSC	0	PI533823	19490585	1085549	166436	840917	411068	0	6.2	4122	0	0	10117635
PSC	0	PI533824	24680795	1682471	612761	1558229	737003	0	27.6	14888	0	0	3884178
PSC	0	PI533825	21286234	1281072	206307	997996	489383	0	11.7	4644	0	0	8086592
PSC	0	PI533828	22675639	1379526	216722	1071451	524797	0	21.2	11169	0	0	6588318
PSC	0	PI533829	20414409	1245512	168963	948147	466328	0	8.1	8971	0	0	9031321
PSC	0	PI533830	19360001	919093	122004	697854	343243	0	5.6	3258	0	0	10459107
PSC	0	PI533831	25881399	1236141	521738	1197189	560690	0	22.9	2880	0	0	3220927
PSC	0	PI533832	23540482	1098470	185454	865082	418842	0	18.9	4513	0	0	6035799
PSC	0	PI533833	20316354	1279967	182045	979679	482333	0	7.7	7473	0	0	9081839
PSC	0	PI533834	19996057	844524	115341	644646	315219	0	5.7	1224	0	0	9904283
PSC	0	PI533835	18995085	733037	108216	565848	275405	0	5.0	3579	0	0	11023867
PSC	0	PI533836	18435987	888746	120772	676266	333252	0	4.9	5430	0	0	11414700
PSC	0	PI533837	20803727	866383	120695	662578	324500	0	6.3	1630	0	0	9069400
PSC	0	PI533838	25175240	1420511	659422	1419033	660900	0	25.0	18038	0	0	3605032
PSC	0	PI533839	22437804	2522285	1096256	2439820	1178721	0	31.4	134412	0	0	4803860
PSC	0	PI533840	21477255	1278523	183506	982449	479580	0	10.1	5579	0	0	7920921
PSC	0	PI533841	22165679	914134	142716	704348	352502	0	8.0	6871	0	0	7637676
PSC	0	PI533842	25319083	1493766	592440	1420761	665445	0	27.1	3620	0	0	3454916
PSC	0	PI533843	25554033	1489459	685322	1475281	699500	0	33.8	11334	0	0	3131391
PSC	0	PI533844	17559899	876421	125846	670064	332203	0	4.7	2147	0	0	12298039
PSC	0	PI533846	14805909	790408	119094	610721	298781	0	3.9	2884	0	0	15144794
PSC	0	PI533847	16691016	735631	108444	564913	279162	0	4.2	2785	0	0	13325114
PSC	0	PI533848	9304035	478920	75385	371857	182448	0	2.7	2738	0	0	21001865
PSC	0	PI533849	22163075	1196303	202312	940324	458291	0	11.1	9609	0	0	7298515
PSC	0	PI533850	16136233	795712	112239	608281	299670	0	4.2	3714	0	0	13816021
PSC	0	PI533851	19140133	1101630	164926	847350	419206	0	5.9	3030	0	0	10453516
PSC	0	PI533852	21914605	1268609	184794	976110	477293	0	11.2	5592	0	0	7492197
PSC	0	PI533853	16063960	891217	110387	669987	331617	0	4.3	896	0	0	13794641
PSC	0	PI533854	17730108	991896	156686	769524	379058	0	5.0	2536	0	0	11981515
PSC	0	PI533855	21854024	1044539	165599	808877	401261	0	8.5	4193	0	0	7796043
PSC	0	PI533856	21574859	1293869	204482	1003773	494578	0	10.7	3646	0	0	7786995
PSC	0	PI533857	20992962	1271254	186395	978800	478849	0	9.4	1519	0	0	8409594
PSC	0	PI533858	22213684	1201216	174707	924213	451710	0	11.2	904	0	0	7270598
PSC	0	PI533859	17936795	1004876	135465	765280	375061	0	5.0	992	0	0	11783069
PSC	0	PI533860	22513268	1012312	161549	788979	384882	0	9.9	2372	0	0	7173076
PSC	0	PI533861	20006909	1012874	129961	766032	376803	0	6.3	10796	0	0	9710461
PSC	0	PI533862	20890777	1718900	296404	1350987	664317	0	15.9	29036	0	0	7954124
PSC	0	PI533863	22891348	1075223	171252	833992	412483	0	11.9	1603	0	0	6722382
PSC	0	PI533864	21247556	1049268	150317	805485	394100	0	7.5	5379	0	0	8413064
PSC	0	PI533866	21608485	1280546	251638	1026200	505984	0	11.1	3316	0	0	7719536
PSC	0	PI533867	16586290	809632	106064	614212	301484	0	4.3	3553	0	0	13358219
PSC	0	PI533869	25445543	1333181	523223	1257257	599147	0	20.0	12471	0	0	3558258
PSC	0	PI533870	22065757	1348174	205462	1042388	511248	0	13.0	8811	0	0	7240812
PSC	0	PI533871	25471217	1457947	466994	1306549	618392	0	24.1	15080	0	0	3464047
PSC	0	PI533872	21514412	1381054	228477	1078164	531367	0	13.2	10031	0	0	7736262
PSC	0	PI533873	18216684	974917	131529	740717	365729	0	5.0	7396	0	0	11537075
PSC	0	PI533874	21846332	1303862	197016	1007058	493820	0	12.4	11261	0	0	7512995
PSC	0	PI533876	22398886	1295176	200290	1003255	492211	0	15.3	12990	0	0	6965853
PSC	0	PI533877	20504439	1302136	179005	991766	489375	0	7.7	9258	0	0	8874625
PSC	0	PI533878	25037227	1453900	586482	1386150	654232	0	21.8	12311	0	0	3782596
PSC	0	PI533879	16436646	984467	134586	748919	370134	0	4.6	6133	0	0	13304506
PSC	0	PI533880	20379220	1161336	161951	886493	436794	0	7.1	4526	0	0	9157698
PSC	0	PI533881	21353032	1368938	206260	1056076	519122	0	10.9	8226	0	0	7931975
PSC	0	PI533882	24628127	1654568	605439	1529041	730966	0	21.8	20063	0	0	3972071
PSC	0	PI533884	21600489	1301767	194583	1003839	492511	0	10.6	5700	0	0	7763366
PSC	0	PI533885	21504029	1313644	195263	1012293	496614	0	10.3	3712	0	0	7847269
PSC	0	PI533887	19169347	1144330	165146	877617	431859	0	6.0	5830	0	0	10381382
PSC	0	PI533888	23236074	1128910	189811	885714	433007	0	16.1	1629	0	0	6305410
PSC	0	PI533893	18992167	1014923	130972	768009	377886	0	5.5	2358	0	0	10722143
PSC	0	PI533894	20741993	1247434	173135	954140	466429	0	8.4	1307	0	0	8697643
PSC	0	PI533895	19209465	968979	137168	743142	363005	0	5.4	3422	0	0	10544593
PSC	0	PI533897	22473544	1209999	222287	962182	470104	0	12.8	4386	0	0	6954375
PSC	0	PI533898	22243787	1339322	217787	1047036	510073	0	15.6	9796	0	0	7059309
PSC	0	PI533899	21910905	1322626	196374	1018624	500376	0	12.0	8402	0	0	7430300
PSC	0	PI533900	22454379	1316652	222608	1034813	504447	0	17.1	7146	0	0	6866566
PSC	0	PI533901	25993539	1239743	524212	1194558	569397	0	24.1	10112	0	0	3102711
PSC	0	PI533902	19118173	1563309	221205	1191171	593343	0	7.5	26663	0	0	9957518
PSC	0	PI533903	23966557	1912780	757071	1811896	857955	0	27.6	46028	0	0	4223797
PSC	0	PI533904	21055378	1704880	283715	1332987	655608	0	17.2	2644	0	0	7816232
PSC	0	PI533905_1	21563166	1354879	207703	1047109	515473	0	12.3	1079	0	0	7734457
PSC	0	PI533905_2	21743881	1375365	214585	1065922	524028	0	14.2	903	0	0	7526374
PSC	0	PI533906	15661450	938596	125864	712121	352339	0	4.3	2242	0	0	14134295
PSC	0	PI533907	21069587	1574437	262850	1231418	605869	0	22.9	2905	0	0	7953331
PSC	0	PI533908	20850940	1752843	275302	1358745	669400	0	17.0	3016	0	0	7981120
PSC	0	PI533909	19059500	862128	131301	667480	325949	0	5.5	766	0	0	10807276
PSC	0	PI533910	26084796	1235805	589183	1247628	577360	0	27.0	6533	0	0	2950421
PSC	0	PI533911	25721094	1250077	565591	1233184	582484	0	20.5	11775	0	0	3323443
PSC	0	PI533912	25577457	1330257	557525	1285368	602414	0	25.6	10155	0	0	3394966
PSC	0	PI533913	25312591	1471077	595924	1400591	666410	0	24.5	35144	0	0	3480613
PSC	0	PI533914	23183425	1066691	177667	834063	410295	0	17.1	4864	0	0	6432422
PSC	0	PI533915	25602261	1313864	460037	1198601	575300	0	18.7	14856	0	0	3484043
PSC	0	PI533916	22265490	1376192	221639	1070876	526955	0	15.8	11703	0	0	6996884
PSC	0	PI533917	21576314	1408616	209763	1085290	533089	0	12.5	8468	0	0	7665512
PSC	0	PI533918	22830411	995994	161106	778607	378493	0	10.8	3080	0	0	6872694
PSC	0	PI533919	24397553	1703940	678672	1615291	767321	0	24.9	15050	0	0	4080040
PSC	0	PI533920	17997066	1254995	166930	950729	471196	0	5.4	3622	0	0	11441214
PSC	0	PI533921	24455595	1654127	629644	1542435	741336	0	21.2	17028	0	0	4120839
PSC	0	PI533922	20110855	1527024	238833	1183431	582426	0	11.0	9974	0	0	8983493
PSC	0	PI533923	14668999	662818	95944	508812	249950	0	3.7	6484	0	0	15432444
PSC	0	PI533924	20039399	1578580	236615	1213022	602173	0	9.1	1159	0	0	9005611
PSC	0	PI533925	21062040	1522169	240650	1180651	582168	0	12.1	1772	0	0	8035346
PSC	0	PI533926	22191718	811351	121463	623166	309648	0	7.4	3774	0	0	7735673
PSC	0	PI533927	24830507	1614225	675124	1551717	737632	0	25.4	18283	0	0	3740349
PSC	0	PI533928	21251358	855777	125735	656231	325281	0	7.2	2025	0	0	8627335
PSC	0	PI533929	23201204	1045031	186730	821938	409823	0	14.9	2412	0	0	6427240
PSC	0	PI533930	22847682	1104208	194627	875362	423473	0	15.8	6522	0	0	6713688
PSC	0	PI533931	21554731	1359165	210425	1053795	515795	0	13.9	7996	0	0	7735884
PSC	0	PI533932	20910234	1205095	179505	927599	457001	0	9.3	1300	0	0	8565371
PSC	0	PI533934	14340261	689139	112162	537109	264192	0	3.6	4634	0	0	15718643
PSC	0	PI533935	16771603	1041419	147282	795637	393064	0	4.8	1333	0	0	12899901
PSC	0	PI533936	26668608	1127022	456233	1073091	510164	0	30.0	4009	0	0	2608342
PSC	0	PI533937	26741239	1087553	454782	1044909	497426	0	32.5	4493	0	0	2576631
PSC	0	PI533938	24783783	1373514	528714	1284939	617289	0	15.7	22720	0	0	4174194
PSC	0	PI533939	22524538	1057260	156325	814059	399526	0	10.6	1066	0	0	7122082
PSC	0	PI533940	26459795	1176441	418650	1077345	517746	0	26.1	5931	0	0	2805319
PSC	0	PI533941	17389011	780626	106380	592002	295004	0	4.5	1524	0	0	12584188
PSC	0	PI533942	17516691	1063454	151775	814989	400240	0	5.1	3534	0	0	12128285
PSC	0	PI533943	25101899	1445387	603453	1392495	656345	0	21.5	9051	0	0	3709466
PSC	0	PI533944	20963324	1388833	232605	1089726	531712	0	10.8	7425	0	0	8275443
PSC	0	PI533946	14002072	598981	91444	462279	228146	0	3.5	2075	0	0	16167708
PSC	0	PI533947	17169726	1009169	142160	772640	378689	0	4.8	2954	0	0	12539150
PSC	0	PI533948	27393416	831023	362132	808493	384662	0	28.4	1784	0	0	2273634
PSC	0	PI533949	26451895	1134865	415075	1055220	494720	0	22.5	13894	0	0	2858370
PSC	0	PI533950	13983319	792079	102940	600686	294333	0	3.8	5054	0	0	15981867
PSC	0	PI533951	21330634	1307273	196688	1009317	494644	0	10.7	9807	0	0	8025610
PSC	0	PI533952	23287580	952747	173146	755019	370874	0	10.9	1560	0	0	6446732
PSC	0	PI533953	13300838	441133	66981	339193	168921	0	3.3	600	0	0	17051253
PSC	0	PI533954	26096977	1275129	597791	1274862	598058	0	30.4	28097	0	0	2890308
PSC	0	PI533955	26635369	1107580	439643	1046970	500253	0	30.9	4564	0	0	2677613
PSC	0	PI533956	25764288	1368220	476367	1247768	596819	0	22.5	21244	0	0	3251330
PSC	0	PI533957	25777152	1510376	629429	1454266	685539	0	32.6	43092	0	0	2943248
PSC	0	PI533958	15647454	1175793	153971	889178	440586	0	4.5	1129	0	0	13882987
PSC	0	PI533959	22436266	1040750	231238	855635	416353	0	13.6	2664	0	0	7151951
PSC	0	PI533960	22071563	1094883	158213	841459	411637	0	9.4	5852	0	0	7535546
PSC	0	PI533961	22259799	1194407	188098	925937	456568	0	10.8	1255	0	0	7217901
PSC	0	PI533962	26321342	1154978	450642	1093715	511905	0	23.5	13564	0	0	2933243
PSC	0	PI533963	22939578	898105	142744	697270	343579	0	9.9	1357	0	0	6879778
PSC	0	PI533964	25739583	1290133	476673	1202191	564615	0	23.8	3052	0	0	3353816
PSC	0	PI533965	25510630	1356548	577604	1311983	622169	0	28.5	15290	0	0	3415423
PSC	0	PI533966	23170831	1052779	164285	816204	400860	0	14.0	2833	0	0	6472310
PSC	0	PI533967	25845657	1280214	557655	1247364	590505	0	23.5	11104	0	0	3176679
PSC	0	PI533968	18667778	834538	118245	639789	312994	0	5.2	3794	0	0	11239644
PSC	0	PI533969	22994410	998394	160252	780317	378329	0	12.6	5680	0	0	6707149
PSC	0	PI533970	26173036	1261684	516027	1208804	568907	0	27.3	14577	0	0	2909458
PSC	0	PI533971	20401345	862912	132827	667472	328267	0	6.1	1159	0	0	9463121
PSC	0	PI533972	26214242	1170185	437874	1094486	513573	0	23.7	2643	0	0	3037904
PSC	0	PI533973	22909737	1061865	173640	832687	402818	0	13.0	1574	0	0	6714963
PSC	0	PI533974	24466522	1018628	172456	803616	387468	0	40.0	2192	0	0	5202599
PSC	0	PI533975	23856074	942502	147930	728378	362054	0	15.7	900	0	0	5913699
PSC	0	PI533976	26309071	1119739	509104	1108998	519845	0	22.7	4032	0	0	2922291
PSC	0	PI533977	21014311	972312	153076	756264	369124	0	7.5	1136	0	0	8720506
PSC	0	PI533978	18212036	913311	118749	691949	340111	0	5.1	8075	0	0	11616109
PSC	0	PI533979	26802023	1019691	455910	998216	477385	0	29.0	2978	0	0	2582581
PSC	0	PI533980	26029179	1262614	496275	1198196	560693	0	25.9	2917	0	0	3072137
PSC	0	PI533981	24050409	854014	149035	669299	333750	0	14.8	2240	0	0	5806747
PSC	0	PI533982	23759360	948572	153608	737687	364493	0	21.5	4086	0	0	5998665
PSC	0	PI533983	22201667	962662	155531	751832	366361	0	8.3	1970	0	0	7540345
PSC	0	PI533984	23270044	1094200	178304	855529	416975	0	14.9	10288	0	0	6317657
PSC	0	PI533985	25894093	1276714	458292	1177799	557207	0	23.3	12190	0	0	3231106
PSC	0	PI533986	26330444	1163471	404434	1066678	501227	0	21.8	8858	0	0	2961856
PSC	0	PI533987	26174775	1215195	397332	1095877	516650	0	20.2	4192	0	0	3072903
PSC	0	PI533988	13117287	495268	71487	380599	186156	0	3.3	4040	0	0	17176163
PSC	0	PI533989	26364779	1124021	544698	1134604	534115	0	26.8	4081	0	0	2826707
PSC	0	PI533990	13624314	571731	83152	440633	214250	0	3.5	2521	0	0	16581008
PSC	0	PI533991	26274194	1086243	451530	1050049	487724	0	21.8	2217	0	0	3048238
PSC	0	PI533992	18934949	940861	122470	712320	351011	0	5.4	5222	0	0	10861925
PSC	0	PI533993	23504945	1174905	194669	921921	447653	0	26.7	1329	0	0	5985686
PSC	0	PI533994	23872953	1014637	171198	797521	388314	0	20.2	6798	0	0	5801417
PSC	0	PI533995	21042870	964817	128565	733330	360052	0	7.3	6159	0	0	8723953
PSC	0	PI533996	27016701	984508	431042	965463	450087	0	25.5	7082	0	0	2427954
PSC	0	PI533997	25328206	1384400	610727	1351526	643601	0	21.8	40947	0	0	3536872
PSC	0	PI533999	23521796	1487372	229590	1150327	566635	0	51.6	5978	0	0	5621447
PSC	0	PI534001	21723653	1134722	163811	870679	427854	0	9.2	12082	0	0	7838019
PSC	0	PI534002	19093103	940239	126954	716368	350825	0	5.4	8232	0	0	10699909
PSC	0	PI534004	20526067	1275278	187668	979350	483596	0	7.7	5667	0	0	8871192
PSC	0	PI534005	22218328	1307789	231392	1036081	503100	0	17.6	5333	0	0	7102696
PSC	0	PI534006	16955605	884935	118518	672735	330718	0	4.5	1466	0	0	12901147
PSC	0	PI534007	22368988	1299410	216238	1018026	497622	0	15.4	8113	0	0	6975569
PSC	0	PI534008	21668485	1192582	192454	928671	456365	0	8.9	7849	0	0	7806684
PSC	0	PI534009	25550983	1410014	625986	1387678	648322	0	28.1	15492	0	0	3273222
PSC	0	PI534010	13389251	708918	108348	548806	268460	0	3.5	1664	0	0	16653688
PSC	0	PI534011	16352129	918670	137045	707169	348546	0	4.4	4745	0	0	13452361
PSC	0	PI534013	17529263	1009299	145972	775706	379565	0	4.9	4417	0	0	12175671
PSC	0	PI534014	17956006	1112273	152198	847044	417427	0	5.3	2214	0	0	11639728
PSC	0	PI534015	21705612	1330938	204448	1031027	504359	0	11.4	1080	0	0	7619207
PSC	0	PI534016	18983470	1081783	154689	829765	406707	0	5.8	5038	0	0	10640263
PSC	0	PI534017	15721465	838625	120929	643163	316391	0	4.1	3684	0	0	14179186
PSC	0	PI534019	21693916	1326742	231764	1047667	510839	0	12.9	3878	0	0	7607783
PSC	0	PI534020	21528003	1230705	181910	946970	465645	0	9.7	7334	0	0	7919587
PSC	0	PI534021	25461813	1492492	603802	1428367	667927	0	30.3	5036	0	0	3302098
PSC	0	PI534022	16031022	921909	122045	700243	343711	0	4.3	692	0	0	13785229
PSC	0	PI534023	21261769	1401502	227667	1094412	534757	0	12.0	1944	0	0	7969267
PSC	0	PI534024	21648270	1138156	751384	1266024	623516	0	12.5	1492	0	0	7322395
PSC	0	PI534025	21243223	1400934	222625	1090923	532636	0	11.8	848	0	0	7993423
PSC	0	PI534026	17642364	1043065	128697	784375	387387	0	5.0	809	0	0	12046079
PSC	0	PI534027	21334721	1412009	228262	1102407	537864	0	12.8	771	0	0	7885213
PSC	0	PI534028	25269259	1592989	692019	1553665	731343	0	33.0	21835	0	0	3305938
PSC	0	PI534030	20592965	1493627	223094	1148459	568262	0	11.1	1535	0	0	8550519
PSC	0	PI534031	15838435	745069	114159	575595	283633	0	4.1	4467	0	0	14162542
PSC	0	PI534032	20732837	1253994	179499	962200	471293	0	8.4	1069	0	0	8693875
PSC	0	PI534033	21140317	1280565	194854	987495	487924	0	9.3	2049	0	0	8244469
PSC	0	PI534034	20972836	1386253	205555	1066715	525093	0	11.8	2101	0	0	8295561
PSC	0	PI534035	21846222	1203936	195885	937364	462457	0	10.6	4262	0	0	7614162
PSC	0	PI534036	19604882	1216796	179635	936744	459687	0	6.4	1409	0	0	9858892
PSC	0	PI534037	25484131	1553979	626479	1482163	698295	0	32.0	42192	0	0	3195616
PSC	0	PI534038	22815710	1109020	174883	862988	420915	0	13.5	10266	0	0	6760592
PSC	0	PI534040	22589859	1186116	218154	941052	463218	0	16.2	7375	0	0	6866076
PSC	0	PI534041	23101546	1322811	228425	1040806	510430	0	42.4	1445	0	0	6207423
PSC	0	PI534042	17854578	792104	108622	603787	296939	0	4.6	16275	0	0	12104901
PSC	0	PI534043	22457731	933432	166252	739611	360073	0	9.5	1167	0	0	7302790
PSC	0	PI534044	20943564	906209	132188	696173	342224	0	6.5	2306	0	0	8878244
PSC	0	PI534045	22862837	998373	161146	778867	380652	0	14.9	3776	0	0	6837849
PSC	0	PI534046	25666324	1290708	534889	1243214	582383	0	27.1	9631	0	0	3368284
PSC	0	PI534047	26532164	1189803	465784	1128262	527325	0	27.3	9439	0	0	2672454
PSC	0	PI534049	23277912	1047990	176736	824882	399844	0	15.3	4926	0	0	6357567
PSC	0	PI534050	22718620	1071042	180384	840591	410835	0	12.3	8597	0	0	6890159
PSC	0	PI534051	23353356	1219972	215490	963701	471761	0	25.2	8435	0	0	6071387
PSC	0	PI534052	23593824	838870	128862	648699	319033	0	11.0	1974	0	0	6298649
PSC	0	PI534053	25872149	1405826	566300	1339927	632199	0	31.5	13122	0	0	3015930
PSC	0	PI534054	26828487	1109167	484356	1086998	506525	0	29.4	8963	0	0	2438195
PSC	0	PI534055	21856200	1442162	252094	1135540	558716	0	20.6	6555	0	0	7309749
PSC	0	PI534057	20310403	1211172	168506	923892	455786	0	6.9	5046	0	0	9170124
PSC	0	PI534058	22497627	1294612	206075	1010003	490684	0	16.8	6500	0	0	6861891
PSC	0	PI534059	21172488	1191679	164147	910433	445393	0	8.0	6702	0	0	8331891
PSC	0	PI534060	13820679	721970	95530	550087	267413	0	3.6	2326	0	0	16222026
PSC	0	PI534061	19126296	865638	126607	665967	326278	0	5.4	7040	0	0	10741664
PSC	0	PI534062	17030710	1185635	160316	899596	446355	0	5.0	8909	0	0	12483544
PSC	0	PI534063	22850596	989792	159461	769482	379771	0	9.6	15882	0	0	6860356
PSC	0	PI534065	21337535	1472205	239048	1147166	564087	0	12.7	4845	0	0	7811417
PSC	0	PI534066	22048382	1447887	226558	1122721	551724	0	17.3	5706	0	0	7137378
PSC	0	PI534067	21456033	1436908	232041	1118658	550291	0	12.0	6574	0	0	7735223
PSC	0	PI534069	21805565	1421519	233224	1111348	543395	0	15.3	3154	0	0	7399897
PSC	0	PI534070	25779798	1393668	472754	1268282	598140	0	26.7	19610	0	0	3213985
PSC	0	PI534072	22039844	1292399	198812	1000654	490557	0	13.1	5043	0	0	7329150
PSC	0	PI534073	23611004	1073596	175928	840841	408683	0	17.8	6714	0	0	5999677
PSC	0	PI534074	12690621	661088	91319	504828	247579	0	3.4	876	0	0	17417177
PSC	0	PI534075	25281743	1470819	577134	1390773	657180	0	22.2	13461	0	0	3530509
PSC	0	PI534076	12219178	658796	90642	501708	247730	0	3.2	2818	0	0	17891589
PSC	0	PI534077	21609607	1354885	214745	1051350	518280	0	11.6	7546	0	0	7680968
PSC	0	PI534078	22029248	1485168	237142	1156634	565676	0	19.8	6914	0	0	7108647
PSC	0	PI534079	25071438	1459194	628536	1421445	666285	0	20.8	11206	0	0	3701037
PSC	0	PI534080	21717292	1391759	217795	1082795	526759	0	15.7	4103	0	0	7533359
PSC	0	PI534081	14183200	746814	106537	571761	281590	0	3.7	2874	0	0	15823654
PSC	0	PI534082	22161339	1416047	235458	1106220	545285	0	17.1	11600	0	0	7047361
PSC	0	PI534083	17714158	975686	135074	744052	366708	0	4.9	2124	0	0	12035287
PSC	0	PI534084	20453064	1189468	290724	994345	485847	0	8.0	2640	0	0	8926949
PSC	0	PI534085	21430997	1305371	206357	1014584	497144	0	10.4	4984	0	0	7917480
PSC	0	PI534086	16583354	908701	121495	689259	340937	0	4.4	3016	0	0	13246655
PSC	0	PI534087	21986721	1260500	389113	1107312	542301	0	12.4	3552	0	0	7223871
PSC	0	PI534088	25803164	1466730	542542	1368463	640809	0	32.0	16552	0	0	3047769
PSC	0	PI534089	21223569	1109529	151361	846106	414784	0	7.9	1021	0	0	8375746
PSC	0	PI534090	22350718	1337048	223835	1047337	513546	0	15.7	5230	0	0	6948604
PSC	0	PI534091	22146476	1279686	206075	995412	490349	0	14.8	1529	0	0	7227968
PSC	0	PI534092	24825203	1492170	756400	1527852	720718	0	24.7	12922	0	0	3786432
PSC	0	PI534094	19049995	1021871	144587	781289	385169	0	5.7	2769	0	0	10643752
PSC	0	PI534096	23052411	2324973	901020	2167491	1058502	0	25.3	65265	0	0	4581801
PSC	0	PI534097	25594632	1369792	588281	1324250	633823	0	29.2	4625	0	0	3307500
PSC	0	PI534098	22300202	1167428	169843	898433	438838	0	10.1	1903	0	0	7222732
PSC	0	PI534099	26270387	1162744	520903	1149302	534345	0	28.0	3522	0	0	2906171
PSC	0	PI534100	24454050	853056	138328	664584	326800	0	19.2	1323	0	0	5414771
PSC	0	PI534101	21114270	1004290	148854	772729	380415	0	7.1	7616	0	0	8592791
PSC	0	PI534102	23450949	920955	144352	711663	353644	0	12.7	1390	0	0	6343949
PSC	0	PI534103	21245524	843412	128067	651226	320253	0	6.6	4150	0	0	8643202
PSC	0	PI534105	26659155	1107704	413058	1032724	488038	0	28.8	2320	0	0	2680288
PSC	0	PI534106	18842797	957594	129300	728147	358747	0	5.5	6144	0	0	10930514
PSC	0	PI534107	18831836	652976	94576	500080	247472	0	4.7	770	0	0	11280817
PSC	0	PI534108	21322090	819569	121329	631581	309317	0	6.5	1253	0	0	8597217
PSC	0	PI534109	23495420	1102821	186148	863785	425184	0	19.6	1140	0	0	6075816
PSC	0	PI534110	10962985	382258	58812	296066	145004	0	2.9	525	0	0	19456150
PSC	0	PI534111	22971552	987174	153835	768370	372639	0	11.2	1424	0	0	6747644
PSC	0	PI534112	21722641	900567	129340	691866	338041	0	7.3	1404	0	0	8107657
PSC	0	PI534113	23836481	959394	154873	748719	365548	0	16.7	1253	0	0	5909457
PSC	0	PI534114	26021662	1285425	518403	1226166	577662	0	31.4	11740	0	0	3034715
PSC	0	PI534115	26633279	1085644	493246	1075843	503047	0	30.2	5875	0	0	2648036
PSC	0	PI534116	23741701	1888302	723973	1767982	844293	0	22.0	33340	0	0	4506229
PSC	0	PI534117	25286845	1633968	663542	1557440	740070	0	29.3	62133	0	0	3275850
PSC	0	PI534118	22078969	1515014	246917	1178227	583704	0	20.5	6561	0	0	7019305
PSC	0	PI534119	20744598	1137357	185354	886363	436348	0	8.6	716	0	0	8792896
PSC	0	PI534120	21463011	1521205	240426	1178205	583426	0	14.1	4543	0	0	7635563
PSC	0	PI534121	16743495	961044	134803	734181	361666	0	4.5	3560	0	0	13020863
PSC	0	PI534122	14903688	1078531	138505	814208	402828	0	4.2	6760	0	0	14739481
PSC	0	PI534123	19815043	1245780	171824	947610	469994	0	6.8	5850	0	0	9627558
PSC	0	PI534124	21462208	1631087	272060	1274593	628554	0	18.4	3071	0	0	7494850
PSC	0	PI534126_1	19470348	1492909	206010	1136054	562865	0	7.5	1394	0	0	9690938
PSC	0	PI534126_2	20450996	1632161	240571	1253305	619427	0	10.9	1281	0	0	8536477
PSC	0	PI534127	21035430	1575366	241704	1216144	600926	0	12.6	5145	0	0	8007705
PSC	0	PI534128	24024350	1744712	683188	1640963	786937	0	21.1	7213	0	0	4407955
PSC	0	PI534130	18297644	990706	134020	752758	371968	0	5.5	2031	0	0	11437835
PSC	0	PI534131	20499534	1368954	189428	1043201	515181	0	8.6	5774	0	0	8802289
PSC	0	PI534132	21392249	1269447	190222	977919	481750	0	9.9	4278	0	0	8008287
PSC	0	PI534133	24254824	1692284	616322	1562609	745997	0	20.9	5101	0	0	4296775
PSC	0	PI534134	20696418	1639760	243438	1261941	621257	0	11.9	4927	0	0	8280589
PSC	0	PI534135	24861687	1681533	594519	1538913	737139	0	28.6	7651	0	0	3722466
PSC	0	PI534136	21698724	1549591	261962	1216141	595412	0	18.7	1310	0	0	7349928
PSC	0	PI534137	24395777	1641144	581115	1499043	723216	0	18.4	20648	0	0	4242169
PSC	0	PI534138	25933226	1261914	522020	1213455	570479	0	26.7	27212	0	0	3143045
PSC	0	PI534139	25635099	1517396	538904	1388999	667301	0	31.2	18267	0	0	3168806
PSC	0	PI534140	21617016	1033204	169864	810169	392899	0	9.0	771	0	0	8040121
PSC	0	PI534141	21996116	1179071	187428	914342	452157	0	13.2	6716	0	0	7497590
PSC	0	PI534142	23351551	1068250	171809	832417	407642	0	13.8	10855	0	0	6268595
PSC	0	PI534144	20946556	1220650	184139	938896	465893	0	8.0	16836	0	0	8508860
PSC	0	PI534145	20858017	1412723	267563	1124862	555424	0	9.8	72966	0	0	8321902
PSC	0	PI534146	22826710	656361	103907	510457	249811	0	7.2	1118	0	0	7273227
PSC	0	PI534147	17769255	1065348	139298	806740	397906	0	5.0	4390	0	0	11886304
PSC	0	PI534148	20830670	1484005	236269	1150818	569456	0	11.4	9789	0	0	8309261
PSC	0	PI534149	19334010	1473181	212817	1129031	556967	0	8.1	3324	0	0	9840197
PSC	0	PI534150	20746741	1035254	151153	795352	391055	0	7.2	1076	0	0	8927057
PSC	0	PI534151	21480939	1555918	248921	1211077	593762	0	22.1	5362	0	0	7574427
PSC	0	PI534152	10363046	650611	96142	499117	247636	0	3.0	3380	0	0	19750406
PSC	0	PI534153	22629735	1273399	207217	994050	486566	0	19.0	4548	0	0	6749854
PSC	0	PI534154	23760255	1038434	179331	822375	395390	0	25.2	5266	0	0	5882185
PSC	0	PI534155	24515010	1644113	757611	1634517	767207	0	26.5	17293	0	0	3943471
PSC	0	PI534156	20720885	1506805	232981	1166288	573498	0	12.8	3453	0	0	8399534
PSC	0	PI534157	22669583	835058	128157	645321	317894	0	8.6	1528	0	0	7227407
PSC	0	PI534158	21916277	1238521	222126	980359	480288	0	16.2	673	0	0	7483281
PSC	0	PI534159	20140968	1422501	203065	1086755	538811	0	7.6	2978	0	0	9093671
PSC	0	PI534160	23202149	1040703	157575	804052	394226	0	12.3	3511	0	0	6459778
PSC	0	PI534162	20981729	1483729	224029	1145773	561985	0	15.1	2850	0	0	8170718
PSC	0	PI534163	26192242	1237873	560734	1224216	574391	0	28.1	2736	0	0	2869356
PSC	0	PI534164	21845983	1335256	204321	1034144	505433	0	12.3	10648	0	0	7474645
PSC	0	PI534165	21752275	1004231	155187	778304	381114	0	8.0	1975	0	0	7948512
PSC	0	PI534166	22098169	1452026	231766	1131929	551863	0	19.5	2219	0	0	7078244
PSC	0	PI534167	24454727	1589484	618227	1496266	711445	0	21.8	31156	0	0	4197767
PSC	0	PI540816	25924337	1342013	483411	1237738	587686	0	25.3	3206	0	0	3110444
PSC	0	PI542406	24752699	1536990	630682	1471150	696522	0	22.2	43777	0	0	3939834
PSC	0	PI542718	24613219	1703786	534315	1512739	725362	0	22.0	3999	0	0	4008885
PSC	0	PI548797	25844568	1310297	577873	1280876	607294	0	27.8	3115	0	0	3127467
PSC	0	PI552856	27640048	705370	272845	663967	314248	0	22.5	1844	0	0	2241942
PSC	0	PI552861	28218466	719585	313828	700149	333264	0	39.6	2674	0	0	1608326
PSC	0	PI561071	25655789	1310757	505918	1233604	583071	0	23.8	2100	0	0	3387741
PSC	0	PI561072	26479226	1066977	376223	979436	463764	0	23.7	2205	0	0	2937779
PSC	0	PI561073	25555971	1310973	599523	1291632	618864	0	25.3	6304	0	0	3393738
PSC	0	PI562730	23522492	2010188	727738	1850355	887571	0	22.2	22471	0	0	4599787
PSC	0	PI564163	30413534	1189	84642	57178	28653	0	25.3	759	0	0	360840
PSC	0	PI564164	25855189	1134786	668142	1225102	577826	0	19.5	8291	0	0	3202088
PSC	0	PI564165	25933229	1221328	518312	1183714	555926	0	23.0	2033	0	0	3187336
PSC	0	PI565121	27024415	940635	349937	879072	411500	0	23.3	1631	0	0	2545218
PSC	0	PI566819	26854377	977007	392612	922548	447071	0	22.5	5052	0	0	2636209
PSC	0	PI576130	22048272	945894	137669	726147	357416	0	8.1	4421	0	0	7728370
PSC	0	PI576328	22710142	1441680	243701	1130118	555263	0	43.5	1589	0	0	6464682
PSC	0	PI576329	24290519	797654	121636	613751	305539	0	15.7	1887	0	0	5650396
PSC	0	PI576330	21982392	1286117	345955	1095983	536089	0	14.0	1500	0	0	7245741
PSC	0	PI576332	26579787	1160734	488809	1117624	531919	0	28.0	4580	0	0	2630875
PSC	0	PI576333	26655112	1044234	426441	997489	473186	0	26.7	2177	0	0	2734418
PSC	0	PI576334	21972134	1397045	236892	1097884	536053	0	17.6	5182	0	0	7254134
PSC	0	PI576335	22572333	1100538	277977	922034	456481	0	10.7	1890	0	0	6909357
PSC	0	PI576337	20606869	1252730	180350	959561	473519	0	7.7	103695	0	0	8820256
PSC	0	PI576338	20922596	831919	124363	638541	317741	0	6.7	1852	0	0	8981327
PSC	0	PI576339	26617328	1097862	420613	1025728	492747	0	28.9	4056	0	0	2724402
PSC	0	PI576340	26714347	1058044	401040	986658	472426	0	25.5	3472	0	0	2686774
PSC	0	PI576341	22196008	1108063	162731	853301	417493	0	9.8	1132	0	0	7393403
PSC	0	PI576342	21894902	1355187	214117	1049549	519755	0	14.4	9553	0	0	7395999
PSC	0	PI576343	21186234	1047133	150612	800309	397436	0	7.1	8104	0	0	8476226
PSC	0	PI576345	27398656	952825	331041	869348	414518	0	26.6	19119	0	0	2177683
PSC	0	PI576346	21917314	1241854	186217	960202	467869	0	11.1	7483	0	0	7514820
PSC	0	PI576347	20674870	1379884	208239	1060062	528061	0	8.8	8691	0	0	8597212
PSC	0	PI576348	19236882	1846756	284434	1422471	708719	0	10.9	4074	0	0	9492133
PSC	0	PI576349	22623365	2170409	904634	2078786	996257	0	22.6	75669	0	0	5161797
PSC	0	PI576350	24630654	1082284	2255903	2248018	1090169	0	21.6	73535	0	0	2891364
PSC	0	PI576351	23684469	1113274	190681	878587	425368	0	24.4	1373	0	0	5871781
PSC	0	PI576352	26639721	1101034	422395	1030656	492773	0	26.6	4915	0	0	2697055
PSC	0	PI576354	22515570	1058397	162088	820735	399750	0	10.4	3242	0	0	7124150
PSC	0	PI576355	15767695	596149	83639	456237	223551	0	3.9	2582	0	0	14412722
PSC	0	PI576357	21329071	1392769	226242	1083325	535686	0	11.3	12629	0	0	7912123
PSC	0	PI576358	22611555	1202005	195642	936594	461053	0	12.8	937	0	0	6851003
PSC	0	PI576359	25782386	1470127	572175	1386162	656140	0	35.0	19749	0	0	3035517
PSC	0	PI576360	22585409	1201236	193567	934680	460123	0	12.6	1185	0	0	6879993
PSC	0	PI576361	21750929	1237494	186181	955400	468275	0	10.7	5284	0	0	7685601
PSC	0	PI576362	13057373	694487	105143	536021	263609	0	3.5	2206	0	0	17003202
PSC	0	PI576363	21509364	925318	141242	716360	350200	0	7.2	1647	0	0	8284281
PSC	0	PI576364	26423450	1226124	470348	1148278	548194	0	30.3	7559	0	0	2740283
PSC	0	PI576366	25594542	1367380	528629	1291628	604381	0	21.5	16741	0	0	3369654
PSC	0	PI576368	21756507	1210497	192722	940181	463038	0	10.4	1127	0	0	7700479
PSC	0	PI576369	23936342	1208424	191707	940620	459511	0	47.3	10780	0	0	5523732
PSC	0	PI576370	23613480	1218130	195150	952257	461023	0	33.0	2896	0	0	5833445
PSC	0	PI576371	19842365	881711	122160	674990	328881	0	6.2	1699	0	0	10013969
PSC	0	PI576372	22616048	1095317	177316	855355	417278	0	12.3	8644	0	0	6971524
PSC	0	PI576373	26818357	1057602	409463	998333	468732	0	34.4	5134	0	0	2574783
PSC	0	PI576374	23154223	938798	143919	726747	355970	0	11.3	1398	0	0	6623265
PSC	0	PI576375	24669923	1560368	577176	1451299	686245	0	20.6	8294	0	0	4052738
PSC	0	PI576376	20841125	1504602	228937	1159401	574138	0	11.9	2380	0	0	8285541
PSC	0	PI576377	22419672	1268452	194350	981327	481475	0	15.3	745	0	0	6977731
PSC	0	PI576378	21463902	1353073	492022	1238058	607037	0	12.9	4132	0	0	7551208
PSC	0	PI576379	18367761	1339745	182045	1017783	504007	0	6.0	3033	0	0	10970654
PSC	0	PI576380	26154641	1194629	439320	1110548	523401	0	24.9	7795	0	0	3071615
PSC	0	PI576381	24486344	1777780	709695	1684542	802933	0	31.7	20455	0	0	3886386
PSC	0	PI576382	19352976	1160078	165688	888204	437562	0	6.1	17339	0	0	10181463
PSC	0	PI576383	22222320	1487854	235731	1156835	566750	0	24.5	5824	0	0	6914300
PSC	0	PI576385	26083676	1257591	442179	1153115	546655	0	24.1	7746	0	0	3076759
PSC	0	PI576386	26319545	1227132	426838	1126837	527133	0	25.6	2965	0	0	2886690
PSC	0	PI576387	26178777	1173854	479085	1128828	524111	0	23.9	3342	0	0	3028489
PSC	0	PI576389	22711243	1145957	191220	893915	443262	0	13.7	2884	0	0	6811785
PSC	0	PI576390	25583324	1368718	537655	1293863	612510	0	21.7	9537	0	0	3370508
PSC	0	PI576391	24354558	1733771	670160	1626991	776940	0	24.3	26421	0	0	4101716
PSC	0	PI576392	23779428	863455	161106	687376	337185	0	13.8	4388	0	0	6056216
PSC	0	PI576393	23079565	1125941	274096	942606	457431	0	17.3	9520	0	0	6380603
PSC	0	PI576394	21065439	1117666	159902	856597	420971	0	7.3	7056	0	0	8517198
PSC	0	PI576395	22171682	1068569	164130	828573	404126	0	12.3	3516	0	0	7455824
PSC	0	PI576396	26447475	1196382	478707	1142189	532900	0	30.5	3643	0	0	2737641
PSC	0	PI576397	24489972	1083289	182803	848010	418082	0	55.5	8828	0	0	5104141
PSC	0	PI576398	10743788	651033	89264	494478	245819	0	3.0	851	0	0	19376120
PSC	0	PI576399	25660497	1351821	512131	1265016	598936	0	23.4	32430	0	0	3335756
PSC	0	PI576400	20809936	531482	80872	408298	204056	0	5.3	944	0	0	9437915
PSC	0	PI576401	24825298	1644806	540282	1480294	704794	0	23.5	9230	0	0	3849819
PSC	0	PI576402	20200933	1384404	230175	1081723	532856	0	9.2	8654	0	0	9044693
PSC	0	PI576403	22835588	1371098	226530	1073801	523827	0	32.7	4536	0	0	6426989
PSC	0	PI576404_1	20704688	1192198	181554	920161	453591	0	7.9	4361	0	0	8781765
PSC	0	PI576404_2	23064800	1117557	183451	875572	425436	0	15.9	3341	0	0	6494397
PSC	0	PI576405	22157134	1282399	215970	1004620	493749	0	13.2	14357	0	0	7204702
PSC	0	PI576406	21950088	1353508	222657	1059841	516324	0	17.6	4126	0	0	7333952
PSC	0	PI576407	18266513	1195562	168918	911611	452869	0	5.5	5800	0	0	11229212
PSC	0	PI576408	16610122	750077	109705	574181	285601	0	4.2	1824	0	0	13390301
PSC	0	PI576409	22484311	1243875	200474	969500	474849	0	14.3	17594	0	0	6931545
PSC	0	PI576410	15391629	671363	99056	514195	256224	0	3.8	1615	0	0	14698157
PSC	0	PI576411_1	22055103	1050107	157892	810859	397140	0	9.3	1141	0	0	7597103
PSC	0	PI576411_2	23746371	1175668	191157	918673	448152	0	35.3	1391	0	0	5747009
PSC	0	PI576412	17799490	842158	113343	640431	315070	0	4.7	2145	0	0	12105214
PSC	0	PI576413	22546888	971679	156016	755356	372339	0	12.0	1666	0	0	7185622
PSC	0	PI576414	19715023	808750	115692	620291	304151	0	5.6	2396	0	0	10220740
PSC	0	PI576415	22391538	1307292	201188	1013514	494966	0	15.3	3457	0	0	6960187
PSC	0	PI576416	22827242	1149337	176037	890238	435136	0	13.0	1272	0	0	6707589
PSC	0	PI576416_1	22714649	1236026	196962	960191	472797	0	14.8	5488	0	0	6712568
PSC	0	PI576417	22141182	1319027	209945	1029576	499396	0	14.6	8367	0	0	7190051
PSC	0	PI576418	25247382	1602524	556498	1464458	694564	0	27.6	20085	0	0	3453801
PSC	0	PI576419	21881561	1300535	195855	1005087	491303	0	12.4	5077	0	0	7482254
PSC	0	PI576420	18460776	875055	116603	662315	329343	0	5.2	2169	0	0	11407771
PSC	0	PI576421	23319078	1063084	164368	824452	403000	0	12.0	7271	0	0	6313675
PSC	0	PI576422	27263878	1008590	412868	964018	457440	0	33.9	8980	0	0	2174869
PSC	0	PI576423	20366852	1519722	239437	1175639	583520	0	11.2	9110	0	0	8734194
PSC	0	PI576424	20121041	1518053	227753	1168192	577614	0	10.3	1053	0	0	8993358
PSC	0	PI576425	21174291	1351487	217031	1052261	516257	0	10.3	6058	0	0	8117396
PSC	0	PI576426	25222420	1497151	597957	1425069	670039	0	28.7	10263	0	0	3542677
PSC	0	PI576427	22184246	1362352	211335	1053494	520193	0	15.1	3017	0	0	7102272
PSC	0	PI576428	26281741	1209963	445978	1125605	530336	0	26.1	3802	0	0	2922523
PSC	0	PI576429	22026429	1203673	212497	950184	465986	0	11.7	5982	0	0	7417606
PSC	0	PI576431	20756379	1571199	237762	1209358	599603	0	12.1	4394	0	0	8294865
PSC	0	PI576432	19624017	1003612	148704	772715	379601	0	5.9	9541	0	0	10083872
PSC	0	PI576433	22293394	1030448	161539	800751	391236	0	10.5	4215	0	0	7374824
PSC	0	PI576434	25812008	1295901	559043	1262332	592612	0	26.5	14869	0	0	3193253
PSC	0	PI576435	25655159	1399170	509767	1293659	615278	0	22.9	5227	0	0	3296109
PSC	0	PI576436	15545985	604763	87702	462978	229487	0	3.8	984	0	0	14621755
PSC	0	PI576437	25457630	1384004	561514	1324031	621487	0	25.6	11300	0	0	3457057
PSC	0	PI585291	26436405	703119	1749623	1660743	791999	0	28.2	3455	0	0	1971058
PSC	0	PI585295	25972314	1295419	452678	1189757	558340	0	27.5	2795	0	0	3139794
PSC	0	PI595699	25026820	1471964	404192	1272440	603716	0	19.6	8665	0	0	3957229
PSC	0	PI595700	21392946	1343484	229283	1056141	516626	0	14.3	6497	0	0	7894492
PSC	0	PI595701	23182413	962318	155161	747457	370022	0	12.0	5704	0	0	6560313
PSC	0	PI595702	26909076	1067428	427799	1013005	482222	0	27.5	6658	0	0	2455902
PSC	0	PI595703	20326266	1534850	250935	1196543	589242	0	11.7	1740	0	0	8748154
PSC	0	PI595704	22415552	1481082	243292	1158790	565584	0	39.0	1500	0	0	6720279
PSC	0	PI595705	20497773	1202235	172658	920370	454523	0	7.4	13413	0	0	8987539
PSC	0	PI595706	18396740	997765	136215	760562	373418	0	5.1	5026	0	0	11329485
PSC	0	PI595708	22481140	1209165	215430	957776	466819	0	16.1	11606	0	0	6954470
PSC	0	PI595709	22736668	1135744	190759	893020	433483	0	17.4	788	0	0	6797034
PSC	0	PI595710	21221051	1085952	169910	841272	414590	0	8.2	8713	0	0	8383292
PSC	0	PI595711	21913924	1162488	205567	918197	449858	0	10.2	1991	0	0	7578226
PSC	0	PI595712	23446714	1085789	162644	838735	409698	0	15.4	5343	0	0	6165058
PSC	0	PI595713	21488766	1431414	235173	1114597	551990	0	13.5	8847	0	0	7704852
PSC	0	PI595714	25617348	1323329	460052	1209927	573454	0	21.1	6922	0	0	3459476
PSC	0	PI595715	20903022	1288689	214256	1007265	495680	0	9.1	1113	0	0	8454238
PSC	0	PI595716	21781992	1097335	185705	859119	423921	0	9.3	2128	0	0	7795173
PSC	0	PI595717	22153684	1013464	160618	786547	387535	0	8.8	1621	0	0	7532439
PSC	0	PI595718	25130287	1460055	689743	1459988	689810	0	23.7	20863	0	0	3580120
PSC	0	PI595719	22780101	984788	155629	764135	376282	0	10.9	1300	0	0	6939687
PSC	0	PI595720	24780563	1560443	540943	1426129	675257	0	21.9	12368	0	0	3978256
PSC	0	PI595721	21674729	1309643	200862	1013821	496684	0	12.5	5918	0	0	7674971
PSC	0	PI595722	21365487	1331583	194136	1023011	502708	0	10.6	5579	0	0	7968999
PSC	0	PI595723	20913347	1464335	227389	1133519	558205	0	10.7	13891	0	0	8255134
PSC	0	PI595724	21480345	1303426	206178	1014259	495345	0	11.6	10543	0	0	7870256
PSC	0	PI595725	19209816	921083	124980	700097	345966	0	5.5	10811	0	0	10604326
PSC	0	PI595726	21226649	1255538	202193	974198	483533	0	9.3	27219	0	0	8175825
PSC	0	PI595727	21403019	1176623	183441	909670	450394	0	9.2	9047	0	0	8097122
PSC	0	PI595728	20526617	1432100	218540	1106725	543915	0	10.4	1545	0	0	8682948
PSC	0	PI595729	22339779	1337177	218808	1045897	510088	0	15.9	1092	0	0	6964441
PSC	0	PI595730	19606779	1539381	221917	1179351	581947	0	8.4	1736	0	0	9492128
PSC	0	PI595731	22585197	1246931	201584	970415	478100	0	13.8	1338	0	0	6826493
PSC	0	PI595732	19881279	716305	98974	547829	267450	0	5.4	1085	0	0	10163647
PSC	0	PI595733	22770495	1014112	160199	790138	384173	0	11.8	837	0	0	6915399
PSC	0	PI595734	23487065	1035564	182165	819120	398609	0	16.8	1007	0	0	6155411
PSC	0	PI595735	22987917	1113976	199873	885438	428411	0	16.3	2584	0	0	6558439
PSC	0	PI595736	23284451	1175512	193574	920635	448451	0	23.2	2419	0	0	6206668
PSC	0	PI595737	24386031	855142	156561	680734	330969	0	18.0	1490	0	0	5462471
PSC	0	PI595738	20455775	903758	140969	702739	341988	0	6.6	2678	0	0	9359703
PSC	0	PI595739	26579180	1074338	393506	998719	469125	0	24.2	7884	0	0	2813181
PSC	0	PI595740	19177710	744486	101894	566395	279985	0	5.0	8671	0	0	10836115
PSC	0	PI595741	24752226	1588433	548919	1443662	693690	0	22.3	9994	0	0	3970627
PSC	0	PI595742	17371755	1203265	162217	913107	452375	0	5.0	6580	0	0	12122968
PSC	0	PI595743	22733738	935381	143925	721812	357494	0	9.6	1392	0	0	7047161
PSC	0	PI595744	26767757	1028297	342025	930485	439837	0	20.5	13606	0	0	2722126
PSC	0	PI595745	26350459	1130028	439121	1068945	500204	0	25.8	6705	0	0	2940597
PSC	0	PI595746	17081223	782512	114751	601407	295856	0	4.5	916	0	0	12881719
PSC	0	PI595747	23310729	1171020	189470	912942	447548	0	18.4	2299	0	0	6188986
PSC	0	PI595748	23142465	1084069	166956	837919	413106	0	12.9	9373	0	0	6466715
PSC	0	PI597943	22651583	1347731	208704	1046262	510173	0	21.2	5249	0	0	6652187
PSC	0	PI597944	21979497	1171660	173943	903076	442527	0	11.4	2634	0	0	7535105
PSC	0	PI597945	22540445	939568	137065	723390	353243	0	8.9	1265	0	0	7243127
PSC	0	PI597946	25093833	1596549	649847	1517429	728967	0	28.7	133838	0	0	3519976
PSC	0	PI597947	19723263	694159	104550	534594	264115	0	5.2	785	0	0	10338233
PSC	0	PI597949	25562605	1355582	549375	1293360	611597	0	24.1	8110	0	0	3392643
PSC	0	PI597950	21234190	1163334	194229	908703	448860	0	8.3	4912	0	0	8268452
PSC	0	PI597951	25108227	1666792	611031	1541605	736218	0	31.3	23275	0	0	3474155
PSC	0	PI597952	21458397	1163803	189252	907098	445957	0	8.9	6270	0	0	8048753
PSC	0	PI597953	22754350	1149567	175802	889754	435615	0	12.4	9391	0	0	6780486
PSC	0	PI597955	20204951	1236772	182235	949971	469036	0	7.1	1827	0	0	9236247
PSC	0	PI597956	19918948	1128201	157925	860586	425540	0	6.4	8350	0	0	9655131
PSC	0	PI597957	21871584	1385736	220933	1077428	529241	0	16.0	10807	0	0	7381952
PSC	0	PI597958	26432107	1233036	519463	1190938	561561	0	33.4	11745	0	0	2675599
PSC	0	PI597959	22688879	1107568	178331	865261	420638	0	13.1	1320	0	0	6885427
PSC	0	PI597960	25496063	1449149	529606	1343584	635171	0	26.3	15000	0	0	3385387
PSC	0	PI597961	25902150	1239719	464939	1161121	543537	0	21.0	9605	0	0	3253397
PSC	0	PI597962	21677036	806430	123142	624620	304952	0	7.0	1768	0	0	8253597
PSC	0	PI597963	16584400	693044	99469	531656	260857	0	4.3	926	0	0	13483292
PSC	0	PI597964	25907260	1220204	492260	1164212	548252	0	25.3	5880	0	0	3240481
PSC	0	PI597965	25675969	1331602	505620	1250532	586690	0	25.0	4323	0	0	3347014
PSC	0	PI597966	26400708	1196128	483299	1139510	539917	0	27.9	3513	0	0	2780070
PSC	0	PI597967	26981264	999669	408262	960442	447489	0	30.5	4279	0	0	2471010
PSC	0	PI597968	25027032	1476870	589457	1403885	662442	0	24.1	8333	0	0	3766846
PSC	0	PI597970	15397961	836452	109906	633042	313316	0	4.0	11681	0	0	14515886
PSC	0	PI597971	25937804	1299010	467636	1202954	563692	0	24.6	17503	0	0	3155755
PSC	0	PI597972	25103178	1546185	615261	1467453	693993	0	28.3	20314	0	0	3595581
PSC	0	PI597973	25244760	1495076	534569	1379089	650556	0	24.6	26393	0	0	3585800
PSC	0	PI597974	22538184	1323822	208293	1025167	506948	0	15.9	8949	0	0	6789906
PSC	0	PI597975	16808013	799256	109514	607221	301549	0	4.4	3356	0	0	13143422
PSC	0	PI597976	25702470	1419743	524910	1321058	623595	0	27.4	18209	0	0	3213082
PSC	0	PI597977	20491021	1304802	192297	1001502	495597	0	7.6	13448	0	0	8872085
PSC	0	PI597978	21627612	1091363	158482	837593	412252	0	7.9	8204	0	0	7982748
PSC	0	PI597979	22664416	1290342	206100	1004136	492306	0	16.1	12346	0	0	6699347
PSC	0	PI597980	26408864	1144683	428947	1072875	500755	0	25.3	7336	0	0	2877711
PSC	0	PI597981	20445655	997042	140355	763213	374184	0	6.3	5430	0	0	9277153
PSC	0	PI597982	25928685	1284911	496673	1210701	570883	0	23.0	7104	0	0	3149936
PSC	0	PI598069	24646332	1663158	665738	1581620	747276	0	24.1	7842	0	0	3884977
PSC	0	PI598070	19808781	1588908	260032	1237914	611026	0	9.8	7212	0	0	9202484
PSC	0	PI601816	27009120	964166	346050	892508	417708	0	22.6	1638	0	0	2540869
PSC	0	PI607931	27282959	966314	402480	930774	438020	0	29.3	4719	0	0	2208452
PSC	0	PI609456	21549758	2690797	1154727	2583231	1262293	0	23.2	142621	0	0	5464923
PSC	0	PI613536	25624859	1420218	504873	1307717	617374	0	26.7	27810	0	0	3310255
PSC	0	PI629034	26050885	1267295	477228	1188272	556251	0	25.9	2587	0	0	3064797
PSC	0	PI629040	25033665	1431031	620866	1395461	656436	0	21.8	2864	0	0	3774643
PSC	0	PI629059	27415336	810972	282224	742662	350534	0	22.7	3708	0	0	2351673
PSC	0	PI641824	22205049	1150633	182041	888763	443911	0	10.5	3920	0	0	7322482
PSC	0	PI641836	26804799	1034348	429009	991737	471620	0	25.5	2708	0	0	2592049
PSC	0	PI641849	24828337	1536544	658467	1485418	709593	0	25.3	10070	0	0	3836857
PSC	0	PI641874	22272164	1048465	173624	813926	408163	0	9.5	3625	0	0	7365952
PSC	0	PI642791	27058991	998778	353169	916014	435933	0	26.7	2149	0	0	2449267
PSC	0	PI642793	26860777	1051602	403776	988253	467125	0	30.3	5204	0	0	2544050
PSC	0	PI642992	25712598	1350153	607031	1330715	626469	0	28.3	5200	0	0	3190423
PSC	0	PI642998	23221710	2098087	750234	1926003	922318	0	22.7	32561	0	0	4790174
PSC	0	PI651492	25338757	1364073	524736	1281484	607325	0	19.0	4501	0	0	3632639
PSC	0	PI651496	26125242	1190194	471653	1130096	531751	0	21.8	2323	0	0	3073116
PSC	0	PI653616	26117492	1163604	464008	1100440	527172	0	19.6	5418	0	0	3115101
PSC	0	PI653617	22188931	1399154	238998	1096368	541784	0	16.9	16929	0	0	7033122
PSC	0	PI655970	27481243	773037	302756	726894	348899	0	20.8	1575	0	0	2303169
PSC	0	PI655971	24414569	1664104	645658	1567103	742659	0	23.5	4109	0	0	4135874
PSC	0	PI655972	26563760	1050085	408383	987304	471164	0	23.6	3493	0	0	2837977
PSC	0	PI655973	22565795	1142389	181256	888357	435288	0	11.7	2460	0	0	6970765
PSC	0	PI655974	27510297	726316	401311	762855	364772	0	24.0	2188	0	0	2222281
PSC	0	PI655975	27101295	955618	394226	913341	436503	0	32.7	1371	0	0	2409066
PSC	0	PI655976	26501756	1074272	440380	1026103	488549	0	26.4	3826	0	0	2843797
PSC	0	PI655977	26049281	1206308	458970	1129470	535808	0	25.2	3131	0	0	3145646
PSC	0	PI655978	24618494	1675079	588997	1534528	729548	0	24.3	2389	0	0	3977635
PSC	0	PI655979	25869402	1308020	507113	1238140	576993	0	27.6	2210	0	0	3175670
PSC	0	PI655980	24454932	1650156	682343	1579133	753366	0	26.4	18580	0	0	4072774
PSC	0	PI655981	27613820	674293	415041	736195	353139	0	20.7	1819	0	0	2157051
PSC	0	PI655982	27924966	669731	259285	632100	296916	0	19.8	1464	0	0	2006223
PSC	0	PI655983	26912624	1040314	392814	970007	463121	0	24.0	2482	0	0	2514453
PSC	0	PI655984	24973760	1434600	556818	1345390	646028	0	20.4	4791	0	0	3895027
PSC	0	PI655985	26292136	1127776	466807	1083073	511510	0	24.8	2557	0	0	2973486
PSC	0	PI655986	26652847	1058723	385001	980317	463407	0	23.2	1522	0	0	2763634
PSC	0	PI655987	27554212	774985	305803	732532	348256	0	26.3	1621	0	0	2225205
PSC	0	PI655988	27975937	760117	357054	755876	361295	0	38.7	1884	0	0	1767097
PSC	0	PI655989	27755807	713306	318086	698725	332667	0	22.6	1469	0	0	2073006
PSC	0	PI655990	25347285	1449715	544496	1352763	641448	0	22.0	2964	0	0	3518709
PSC	0	PI655991	22994635	722516	111556	555767	278305	0	8.1	1470	0	0	7031498
PSC	0	PI655992	22251031	565538	86646	434634	217550	0	6.5	1327	0	0	7956990
PSC	0	PI655993	27029489	891124	460529	913961	437692	0	26.5	1592	0	0	2479063
PSC	0	PI655994	26013978	1115733	757025	1265541	607217	0	21.7	6134	0	0	2973469
PSC	0	PI655995	23232995	2042525	727371	1872803	897093	0	23.4	15244	0	0	4857314
PSC	0	PI655996	25127379	1439628	522890	1329375	633143	0	21.1	2119	0	0	3770308
PSC	0	PI655997	25474445	1363495	500107	1258861	604741	0	23.0	3771	0	0	3522158
PSC	0	PI655998	23909754	630681	104932	490559	245054	0	9.5	1625	0	0	6214838
PSC	0	PI655999	23269335	1892938	1022395	1975321	940012	0	24.6	39903	0	0	4675537
PSC	0	PI656000	29207560	334379	149549	329523	154405	0	27.6	1487	0	0	1168717
PSC	0	PI656001	26814691	1060435	398179	994067	464547	0	29.7	2567	0	0	2586900
PSC	0	PI656002	27206545	854345	370673	830456	394562	0	23.8	4039	0	0	2428642
PSC	0	PI656003	26210680	1223927	483955	1151613	556269	0	26.7	4301	0	0	2941643
PSC	0	PI656004	25504618	1405361	551422	1326756	630027	0	29.0	3374	0	0	3398804
PSC	0	PI656005	26385311	1068041	472557	1047372	493226	0	27.6	2678	0	0	2934296
PSC	0	PI656006	25563567	1362988	468230	1239191	592027	0	20.6	2717	0	0	3465420
PSC	0	PI656007	26534118	1036148	429454	992946	472656	0	20.1	2374	0	0	2860485
PSC	0	PI656008	26539244	1071227	426297	1014846	482678	0	20.6	2587	0	0	2823437
PSC	0	PI656009	26798454	1025427	340681	928101	438007	0	22.0	1603	0	0	2695643
PSC	0	PI656010	24928979	1402283	817023	1505039	714267	0	20.4	4219	0	0	3711920
PSC	0	PI656011	25693602	1166315	705759	1269127	602947	0	21.4	3093	0	0	3294529
PSC	0	PI656012	24256795	1659064	715496	1614388	760172	0	23.9	4297	0	0	4228850
PSC	0	PI656013	25346594	1075107	1594514	1803763	865858	0	25.1	20414	0	0	2843990
PSC	0	PI656014	24455750	965746	2450844	2307050	1109540	0	22.8	24941	0	0	2987865
PSC	0	PI656015	25263733	1464671	470736	1312914	622493	0	22.6	3501	0	0	3661065
PSC	0	PI656016	27405920	770281	295703	723812	342172	0	24.1	1813	0	0	2388301
PSC	0	PI656017	24849911	1695481	665495	1602051	758925	0	28.9	4190	0	0	3649318
PSC	0	PI656018	26878889	1062625	421754	1001378	483001	0	30.6	3258	0	0	2496937
PSC	0	PI656019	27459026	833893	367502	815709	385686	0	30.2	1796	0	0	2199784
PSC	0	PI656020	26862248	1019286	363809	934194	448901	0	25.3	3726	0	0	2614862
PSC	0	PI656021	24674583	1506134	842357	1592529	755962	0	22.7	4135	0	0	3837131
PSC	0	PI656022	21418617	1354161	210119	1046000	518280	0	10.4	5450	0	0	7877308
PSC	0	PI656023	26766965	1025287	382013	954442	452858	0	24.2	7089	0	0	2685940
PSC	0	PI656024	26816029	978876	524235	1021615	481496	0	24.6	2441	0	0	2541065
PSC	0	PI656025	24920239	1625593	744004	1605065	764532	0	27.9	7934	0	0	3570369
PSC	0	PI656026	23976748	885733	150578	697270	339041	0	15.6	1044	0	0	5847146
PSC	0	PI656027	25817796	1298174	586138	1280890	603422	0	27.3	5128	0	0	3158097
PSC	0	PI656028	26260022	1067545	474871	1042485	499931	0	19.1	13924	0	0	3057767
PSC	0	PI656029	25210361	1359456	587589	1317429	629616	0	20.3	4463	0	0	3702799
PSC	0	PI656031	26475459	1038278	467209	1023497	481990	0	19.9	4065	0	0	2879259
PSC	0	PI656032	25502915	795070	2196871	2018248	973693	0	25.9	8996	0	0	2365349
PSC	0	PI656033	24751868	1683932	678733	1604339	758326	0	28.0	3116	0	0	3745672
PSC	0	PI656034	23451389	876881	136596	679795	333682	0	11.2	1455	0	0	6395339
PSC	0	PI656035	25098778	1481116	592476	1409829	663763	0	22.6	6688	0	0	3687835
PSC	0	PI656036	25709068	1158490	678662	1243845	593307	0	21.5	2902	0	0	3313985
PSC	0	PI656037	26335679	1110951	551844	1131300	531495	0	26.9	2924	0	0	2861731
PSC	0	PI656038	23300406	899324	152399	701491	350232	0	10.3	1583	0	0	6508076
PSC	0	PI656039	23775184	918208	154667	717886	354989	0	12.8	1346	0	0	6012146
PSC	0	PI656040	25249812	1402592	689298	1414483	677407	0	24.4	4987	0	0	3518503
PSC	0	PI656041	24843166	1694583	674565	1608151	760997	0	28.8	4075	0	0	3647891
PSC	0	PI656042	26453558	1076396	581693	1120367	537722	0	26.9	3297	0	0	2748558
PSC	0	PI656043	26657837	1116694	421373	1044851	493216	0	31.0	2322	0	0	2664301
PSC	0	PI656044	26977648	982803	330712	893083	420432	0	22.9	1803	0	0	2569042
PSC	0	PI656046	25129972	1511843	690654	1491564	710933	0	27.0	12491	0	0	3527736
PSC	0	PI656047	24490418	1549154	822968	1613171	758951	0	22.1	14285	0	0	3997665
PSC	0	PI656048	28829025	457939	196839	445123	209655	0	27.2	1576	0	0	1376402
PSC	0	PI656049	21897616	872615	132195	670183	334627	0	7.3	5433	0	0	7957779
PSC	0	PI656050	25079879	1346360	778150	1445102	679408	0	20.9	7224	0	0	3655816
PSC	0	PI656051	26269884	1168846	387401	1056975	499272	0	24.4	1857	0	0	3034074
PSC	0	PI656052	21691052	1117846	174377	866287	425936	0	8.9	977	0	0	7876930
PSC	0	PI656053	28290820	551641	322053	592031	281663	0	24.0	1858	0	0	1695691
PSC	0	PI656054	25392767	1395289	766437	1467272	694454	0	24.9	26039	0	0	3305712
PSC	0	PI656055	26454887	1024901	573556	1082689	515768	0	25.2	3958	0	0	2806861
PSC	0	PI656056	26457114	1082133	365140	979422	467851	0	22.6	2509	0	0	2955818
PSC	0	PI656057	17491838	812896	116623	622431	307088	0	4.6	1443	0	0	12438848
PSC	0	PI656058	27258414	821027	515343	908782	427588	0	24.4	2307	0	0	2265421
PSC	0	PI656059	27782283	732302	311034	713105	330231	0	26.0	1674	0	0	2034586
PSC	0	PI656060	27303533	748485	544472	875594	417363	0	24.3	4962	0	0	2263715
PSC	0	PI656061	26647977	864892	615508	1014648	465752	0	28.5	238743	0	0	2731828
PSC	0	PI656062	25899147	1200756	749357	1323015	627098	0	26.5	3662	0	0	3010945
PSC	0	PI656063	27258006	549435	1087235	1108370	528300	0	20.6	2454	0	0	1965529
PSC	0	PI656064	24797137	1799548	697277	1694654	802171	0	36.7	15734	0	0	3566243
PSC	0	PI656065	25370538	1435072	462694	1285433	612333	0	23.2	2616	0	0	3591901
PSC	0	PI656066	24316278	1671247	706386	1607862	769771	0	21.7	17312	0	0	4166294
PSC	0	PI656067	24378416	1526623	854775	1613835	767563	0	20.5	12936	0	0	4100391
PSC	0	PI656068	26860884	878376	489426	927281	440521	0	21.8	2262	0	0	2631519
PSC	0	PI656069	26341077	997110	686457	1144764	538803	0	22.3	7577	0	0	2835561
PSC	0	PI656070	26368698	991704	577378	1069089	499993	0	22.0	2947	0	0	2922425
PSC	0	PI656071	25885223	1346472	580472	1313729	613215	0	33.0	18043	0	0	3048038
PSC	0	PI656072	24657688	1793330	691907	1680542	804695	0	33.5	12539	0	0	3717280
PSC	0	PI656073	20257022	1423432	211993	1092215	543210	0	9.2	1358	0	0	8967758
PSC	0	PI656074	25830400	1278086	720054	1356309	641831	0	25.6	12067	0	0	3031665
PSC	0	PI656075	26384162	1114512	490623	1091802	513333	0	26.4	6865	0	0	2870908
PSC	0	PI656076	26219454	1107954	538790	1117100	529644	0	23.9	2112	0	0	2994007
PSC	0	PI656077	20947801	1221169	161618	926375	456412	0	7.8	9342	0	0	8529617
PSC	0	PI656078	22564665	2341672	1164398	2363004	1143066	0	26.5	145027	0	0	4789470
PSC	0	PI656079	25596586	1327703	675110	1362400	640413	0	23.0	17290	0	0	3260806
PSC	0	PI656080	22618809	2490394	1081067	2408974	1162487	0	28.1	116273	0	0	4669935
PSC	0	PI656081	19010462	2132167	359022	1655505	835684	0	11.8	6810	0	0	9358554
PSC	0	PI656082	21001326	1567384	229735	1201280	595839	0	12.1	20091	0	0	8061760
PSC	0	PI656083	22277563	877772	129833	675955	331650	0	7.5	8789	0	0	7575037
PSC	0	PI656085	23346796	1069931	175302	838018	407215	0	16.4	5659	0	0	6268176
PSC	0	PI656086	25067391	1490090	598513	1416107	672496	0	24.8	16697	0	0	3704211
PSC	0	PI656087	26073309	1198077	522165	1168407	551835	0	23.9	10897	0	0	3066654
PSC	0	PI656088	24211771	1645027	809382	1663223	791186	0	24.6	34411	0	0	4194025
PSC	0	PI656089	25215767	1387309	814695	1499778	702226	0	27.6	9815	0	0	3442434
PSC	0	PI656090	24510036	1517094	858791	1613530	762355	0	23.1	24102	0	0	3974284
PSC	0	PI656091	20639595	1488585	232360	1150243	570702	0	11.1	1204	0	0	8499665
PSC	0	PI656092	25254285	1576955	594173	1468190	702938	0	32.0	13408	0	0	3434792
PSC	0	PI656093	21861269	1146243	159890	875381	430752	0	9.0	7846	0	0	7692803
PSC	0	PI656094	22448501	1300308	211709	1013832	498185	0	15.6	4698	0	0	6899687
PSC	0	PI656095	24710117	1619689	755408	1607744	767353	0	24.6	19583	0	0	3774991
PSC	0	PI656096	25113615	1549248	589304	1450860	687692	0	25.1	15771	0	0	3608038
PSC	0	PI656097	25535866	1574554	568819	1456082	687291	0	33.4	6274	0	0	3180966
PSC	0	PI656098	25956091	1146044	618815	1198619	566240	0	21.1	10935	0	0	3139255
PSC	0	PI656099	24783296	1543977	771395	1570799	744573	0	23.9	5804	0	0	3761537
PSC	0	PI656100	24771966	1532856	758663	1554809	736710	0	23.4	7247	0	0	3796720
PSC	0	PI656101	25889766	1354598	514683	1269496	599785	0	31.8	7306	0	0	3101158
PSC	0	PI656102	25869518	1280679	507818	1212828	575669	0	25.1	26276	0	0	3202190
PSC	0	PI656103	25407363	1432046	676181	1433507	674720	0	26.4	15457	0	0	3344615
PSC	0	PI656104	21739295	1452016	255068	1144424	562660	0	15.4	8603	0	0	7413826
PSC	0	PI656105	26820161	899931	522683	968730	453884	0	25.1	7755	0	0	2617430
PSC	0	PI656106	26556337	978610	573456	1055807	496259	0	25.7	2942	0	0	2751802
PSC	0	PI656107	21546017	1246818	179761	956447	470132	0	10.1	5708	0	0	7887609
PSC	0	PI656108	25394163	1515169	657266	1481709	690726	0	29.7	26103	0	0	3293607
PSC	0	PI656109	25027848	1470842	788840	1525841	733841	0	26.4	20189	0	0	3572675
PSC	0	PI656110	24157368	1738667	1256159	2033004	961822	0	29.8	109434	0	0	3708011
PSC	0	PI656111	26081321	1333584	540683	1274673	599594	0	32.6	12300	0	0	2904617
PSC	0	PI656112	26070501	1114385	609527	1171029	552883	0	26.9	5849	0	0	3065792
PSC	0	PI656114	26109953	938721	1025176	1332889	631008	0	20.6	6837	0	0	2786355
PSC	0	PI656115	24804827	1461003	700381	1466932	694452	0	24.1	3545	0	0	3893994
PSC	0	PI656116	25865772	1033092	1216266	1524473	724885	0	22.8	25352	0	0	2745075
PSC	0	PI656118	26105297	1172673	592653	1200403	564923	0	27.8	14787	0	0	2989582
PSC	0	PI656119	20536319	1399882	218809	1079834	538857	0	8.9	11169	0	0	8705195
PSC	0	PI656120	26339952	1113167	565304	1142284	536187	0	28.2	4450	0	0	2841782
PSC	0	PI656121	25217650	1309932	671746	1347234	634444	0	24.1	13863	0	0	3660877
PSC	0	PI659691	22172363	1221979	197707	951108	468578	0	12.3	1447	0	0	7268156
PSC	0	PI659694	25733422	1360857	793263	1461519	692601	0	34.9	5203	0	0	2972663
PSC	0	PI659695	24332537	1620293	852248	1677427	795114	0	26.8	13907	0	0	4055127
PSC	0	PI659696	25962995	1222177	624800	1256864	590113	0	27.5	8005	0	0	3050233
PSC	0	PI659753	24993738	1347332	849139	1486459	710012	0	20.7	12752	0	0	3669996
PSC	0	SC0003	22835357	1147914	200052	902153	445813	0	15.1	1870	0	0	6676882
PSC	0	SC0027	15704041	1029314	133794	779374	383734	0	4.4	1438	0	0	13993056
PSC	0	SC0041	20227684	861302	121542	659943	322901	0	5.9	5409	0	0	9649677
PSC	0	SC0092	22797268	1164252	193680	911291	446641	0	15.9	6383	0	0	6705005
PSC	0	SC0138	15796540	1131319	160861	864447	427733	0	4.7	1095	0	0	13771485
PSC	0	SC0150	21736005	1326762	198264	1021798	503228	0	12.2	4096	0	0	7599174
PSC	0	SC0156	20630365	1518007	225554	1167704	575857	0	13.0	2716	0	0	8486279
PSC	0	SC0157	21545950	1187603	174407	912011	449999	0	9.1	3146	0	0	7952245
PSC	0	SC0159	17320369	1223481	155177	920793	457865	0	5.5	999	0	0	12161178
PSC	0	SC0178	16816316	1070049	138166	807433	400782	0	4.7	2406	0	0	12835674
PSC	0	SC0179	21516424	1136580	175865	879473	432972	0	9.5	1507	0	0	8031336
PSC	0	SC0191	15782395	850165	112139	644852	317452	0	4.2	1192	0	0	14115506
PSC	0	SC0201	20725187	1173624	185378	912266	446736	0	8.5	3191	0	0	8776016
PSC	0	SC0236	18155440	969552	129080	734443	364189	0	5.2	1061	0	0	11606133
PSC	0	SC0247	22177870	1305812	241685	1038852	508645	0	15.2	1042	0	0	7134838
PSC	0	SC0249	21556426	1002496	274634	854940	422190	0	8.7	3799	0	0	8026649
PSC	0	SC0263	18397853	955379	131456	728119	358716	0	5.2	5728	0	0	11375517
PSC	0	SC0266	21086634	1061380	378346	964133	475593	0	7.8	5613	0	0	8333845
PSC	0	SC0276	19926613	1302652	178968	991826	489794	0	8.3	2236	0	0	9451972
PSC	0	SC0287	21548384	1234122	196765	960354	470533	0	9.8	4668	0	0	7880934
PSC	0	SC0297	22449316	1443738	241025	1132298	552465	0	19.9	6829	0	0	6726126
PSC	0	SC0314	22245108	824301	129059	637463	315897	0	7.7	12239	0	0	7661737
PSC	0	SC0343	19908040	1002121	142566	768198	376489	0	6.4	7056	0	0	9807478
PSC	0	SC0371	15333180	903801	123118	688725	338194	0	4.1	4102	0	0	14500106
PSC	0	SC0400	19765697	930599	355020	861622	423997	0	5.9	7185	0	0	9808889
PSC	0	SC0409	21083032	1304321	186388	999387	491322	0	9.8	16618	0	0	8286464
PSC	0	SC0412	17490503	836989	186545	686936	336598	0	4.6	843	0	0	12346168
PSC	0	SC0436	22420387	1236345	219714	976958	479101	0	13.7	6407	0	0	6983759
PSC	0	SC0445	18134903	993587	151071	766568	378090	0	5.1	3009	0	0	11580644
PSC	0	SC0448	21279688	1236616	182955	953730	465841	0	9.3	5265	0	0	8160946
PSC	0	SC0456	23701091	1058472	189610	839304	408778	0	21.5	2575	0	0	5911032
PSC	0	SC0458	15565882	745583	116270	579672	282181	0	4.0	1772	0	0	14432470
PSC	0	SC0470	20613818	1112426	174879	866035	421270	0	7.6	2041	0	0	8959082
PSC	0	SC0479	18651719	1045712	139325	794512	390525	0	5.4	835	0	0	11023449
PSC	0	SC0505	20551906	1600711	238136	1232033	606814	0	11.0	3745	0	0	8469452
PSC	0	SC0517	22065768	1118382	171669	864559	425492	0	11.5	8574	0	0	7504386
PSC	0	SC0521	22088986	1322583	203105	1025418	500270	0	15.6	2238	0	0	7245531
PSC	0	SC0540	21852468	1330345	212104	1035001	507448	0	13.3	6782	0	0	7465288
PSC	0	SC0542	21445087	770540	105596	588426	287710	0	6.3	3118	0	0	8538982
PSC	0	SC0547	21844607	1185580	661573	1236004	611149	0	14.1	2577	0	0	7168445
PSC	0	SC0550	18225452	2225028	360484	1719899	865613	0	11.2	86004	0	0	10049241
PSC	0	SC0551	21933446	1398832	216552	1086481	528903	0	15.1	7666	0	0	7311375
PSC	0	SC0556	23745789	895991	145612	698125	343478	0	14.0	2608	0	0	6072813
PSC	0	SC0581	14612163	700525	104242	539662	265105	0	3.7	2205	0	0	15443275
PSC	0	SC0582	21053657	1218142	175889	932344	461687	0	8.2	12808	0	0	8412517
PSC	0	SC0602	19517885	884726	119651	672370	332007	0	5.9	2111	0	0	10337943
PSC	0	SC0604	18082759	539353	84233	416644	206942	0	4.3	3157	0	0	12153860
PSC	0	SC0615	21623930	1383914	235528	1085429	534013	0	13.2	8709	0	0	7616833
PSC	0	SC0616	22032065	1369382	216944	1062643	523683	0	15.0	2941	0	0	7241814
PSC	0	SC0618	22286464	1359981	225063	1063915	521129	0	16.5	14231	0	0	6988697
PSC	0	SC0631	23702692	822346	137523	640731	319138	0	11.4	5035	0	0	6197644
PSC	0	SC0636	22636915	1103002	172769	856700	419071	0	12.2	886	0	0	6947519
PSC	0	SC0652	18950668	999263	140394	764158	375499	0	5.8	4601	0	0	10769880
PSC	0	SC0685	20993984	1026852	156411	795036	388227	0	7.3	1068	0	0	8682958
PSC	0	SC0713	22524974	1164418	193980	912949	445449	0	13.0	2203	0	0	6976833
PSC	0	SC0741	21605663	1313064	212089	1024346	500807	0	11.2	1968	0	0	7729389
PSC	0	SC0747	14318135	693021	93534	527159	259396	0	3.7	2300	0	0	15755515
PSC	0	SC0753	15133968	476934	68888	365257	180565	0	3.7	1260	0	0	15180415
PSC	0	SC0777	25002229	1071050	182332	844627	408755	0	74.4	6218	0	0	4604594
PSC	0	SC0814	22001348	1308657	216189	1025573	499273	0	19.0	1065	0	0	7334011
PSC	0	SC0823	20852378	1593872	256338	1239473	610737	0	12.8	3350	0	0	8157617
PSC	0	SC0834	20111837	1255884	185400	966407	474877	0	8.0	5535	0	0	9307084
PSC	0	SC0837	20355403	985371	140758	754275	371854	0	6.5	4376	0	0	9378673
PSC	0	SC0847	19928195	1275839	173371	969746	479464	0	7.8	1237	0	0	9482800
PSC	0	SC0848	21343272	1466346	259059	1156817	568588	0	14.2	4863	0	0	7791528
PSC	0	SC0854	22861210	1176070	172239	902558	445751	0	15.0	3128	0	0	6650686
PSC	0	SC0858	22890023	1144174	185660	891972	437862	0	14.5	1023	0	0	6640348
PSC	0	SC0860	11131278	529213	76037	405979	199271	0	3.0	1862	0	0	19123677
PSC	0	SC0864	22722836	1102975	160551	845728	417798	0	11.4	1954	0	0	6873843
PSC	0	SC0868	20125301	845718	120356	648299	317775	0	5.6	862	0	0	9768830
PSC	0	SC0870	19050659	1170104	173705	900934	442875	0	6.0	4209	0	0	10465737
PSC	0	SC0871	21729342	1206027	177050	926566	456511	0	9.2	7244	0	0	7747786
PSC	0	SC0877	21396069	1126071	150239	854431	421879	0	8.0	3245	0	0	8187826
PSC	0	SC0878	22216852	1198587	185032	925948	457671	0	11.5	6616	0	0	7259734
PSC	0	SC0893	23638433	1085119	170201	840527	414793	0	19.4	2102	0	0	5966452
PSC	0	SC0895	22483255	1198544	206128	943332	461340	0	13.4	3082	0	0	6972278
PSC	0	SC0914	17275893	695077	103065	535006	263136	0	4.3	2096	0	0	12786170
PSC	0	SC0921	22154514	1237041	184898	953958	467981	0	11.5	980	0	0	7283752
PSC	0	SC0923	22666690	1124831	185002	881040	428793	0	13.4	939	0	0	6883682
PSC	0	SC0965	22111522	1105804	164687	853469	417022	0	9.8	830	0	0	7478192
PSC	0	SC0999	20983026	1624517	257197	1259374	622340	0	17.1	14376	0	0	7995465
PSC	0	SC1021	21543322	1352788	212786	1050484	515090	0	12.8	7477	0	0	7751309
PSC	0	SC1023	19435920	1342213	188461	1024288	506386	0	7.3	1746	0	0	9893611
PSC	0	SC1024	18362549	1227688	174863	939242	463309	0	5.6	4641	0	0	11095105
PSC	0	SC1058	18399953	1110927	167673	856913	421687	0	5.9	19224	0	0	11181652
PSC	0	SC1082	20972347	1230894	170277	938018	463153	0	7.9	1617	0	0	8486687
PSC	0	SC1097	21675664	1260541	207555	985551	482545	0	13.2	2838	0	0	7716445
PSC	0	SC1107	22229826	1061741	163706	820857	404590	0	8.4	8629	0	0	7404932
PSC	0	SC1114	22681958	901893	127710	689747	339856	0	8.7	2714	0	0	7148644
PSC	0	SC1119	21988091	1216610	218754	964527	470837	0	11.0	3971	0	0	7436750
PSC	0	SC1120	9895560	397041	57686	305741	148986	0	2.7	2097	0	0	20509918
PSC	0	SC1133	20992786	715388	102823	548001	270210	0	5.7	2967	0	0	9049208
PSC	0	SC1166	21320727	1400208	211412	1081262	530358	0	12.6	4245	0	0	7927858
PSC	0	SC1170	22620320	1206270	204213	945652	464831	0	13.5	23412	0	0	6829402
PSC	0	SC1178	21994701	1134593	178904	881494	432003	0	9.7	6675	0	0	7552007
PSC	0	SC1193	20788382	1170822	195944	918195	448571	0	8.2	1570	0	0	8705057
PSC	0	SC1216	21630018	1239811	215085	975612	479284	0	10.2	1237	0	0	7775291
PSC	0	SC1442	22643595	1178339	211397	930021	459715	0	13.5	15977	0	0	6826874
PSC	0	SC1446	22762417	1265092	226741	1001795	490038	0	17.4	2697	0	0	6605955
PSC	0	Wild_PI156549	19549403	867972	2534367	2267312	1135027	0	16.8	409732	0	0	7908463
